20
0 26 9 50 11 96 8 42 29 15 19 38 9 55 23 39 77 7 14 63
19 0 22 26 21 59 36 50 29 11 23 31 1 61 23 36 24 37 5 78
25 9 0 10 2 55 26 32 3 48 3 13 2 91 11 65 32 9 6 19
9 30 35 0 35 90 17 40 27 88 12 43 3 66 34 62 100 64 20 64
58 45 53 45 0 95 12 78 41 31 12 63 3 60 45 70 69 45 46 82
11 45 38 28 33 0 55 69 86 82 74 81 60 72 31 89 99 80 25 100
45 14 13 47 62 57 0 32 14 44 53 10 31 53 2 54 55 69 13 35
68 57 64 81 53 100 83 0 43 95 80 89 90 73 58 95 88 89 63 91
12 9 24 25 21 14 32 60 0 56 37 44 5 35 1 89 17 3 11 76
73 74 26 11 78 65 49 55 25 0 30 46 70 80 65 81 88 90 44 88
31 24 33 49 59 35 2 32 6 60 0 16 23 60 22 51 77 96 20 65
16 20 27 22 12 32 49 27 3 48 40 0 37 45 27 81 71 54 36 68
23 28 16 40 50 31 6 4 20 2 11 1 0 9 8 16 73 71 8 86
52 43 2 52 68 94 59 96 65 67 49 68 82 0 45 83 93 96 22 75
4 1 2 4 3 55 30 31 19 2 7 6 3 41 0 61 23 4 8 63
79 79 39 67 69 88 69 85 22 77 69 43 86 94 36 0 89 96 53 84
29 79 60 17 58 66 56 80 82 58 31 41 17 72 62 87 0 83 93 92
96 63 80 50 79 82 39 76 93 53 9 55 16 66 78 77 78 0 27 88
22 28 16 27 11 70 28 35 18 32 18 6 12 73 7 53 1 64 0 13
47 29 77 57 49 69 80 81 27 62 47 48 8 94 26 96 76 77 85 0

out
9